@ NAME             %04s "TMAT"
@ TYPE             %04s "USER"
@ TITLE            %08s "no-title"
@ ORIGIN           %23s "MAD-X 5.02.00 Darwin 64"
@ DATE             %08s "26/11/14"
@ TIME             %08s "05.04.45"
* NAME                             T511               T512               T516               T522               T525               T526               T533               T534               T544               T566 
$ %s                                %le                %le                %le                %le                %le                %le                %le                %le                %le                %le 
 "OSC_IOTA$START"                     0                  0                  0                  0                  0                  0                  0                  0                  0                  0
 "MID_PICKUP"                         0                  0                  0                  0                  0                  0                  0                  0                  0                  0
 "BWGLM"                              0                  0                  0      0.01250016155                  0                  0                  0                  0      0.01250016155    9.693058554e-07
 "OW"                                 0                  0                  0       0.0250003231                  0                  0                  0                  0       0.0250003231    1.938611711e-06
 "BWGLP"                              0                  0                  0      0.03750048464                  0                  0                  0                  0      0.03750048464    2.907917566e-06
 "OW"                                 0                  0                  0      0.05000064619                  0                  0                  0                  0      0.05000064619    3.877223422e-06
 "BWGLM"                              0                  0                  0      0.06250080774                  0                  0                  0                  0      0.06250080774    4.846529277e-06
 "OW"                                 0                  0                  0      0.07500096929                  0                  0                  0                  0      0.07500096929    5.815835132e-06
 "BWGLP"                              0                  0                  0      0.08750113083                  0                  0                  0                  0      0.08750113083    6.785140988e-06
 "OW"                                 0                  0                  0       0.1000012924                  0                  0                  0                  0       0.1000012924    7.754446843e-06
 "BWGLM"                              0                  0                  0       0.1125014539                  0                  0                  0                  0       0.1125014539    8.723752699e-06
 "OW"                                 0                  0                  0       0.1250016155                  0                  0                  0                  0       0.1250016155    9.693058554e-06
 "BWGLP"                              0                  0                  0        0.137501777                  0                  0                  0                  0        0.137501777    1.066236441e-05
 "OW"                                 0                  0                  0       0.1500019386                  0                  0                  0                  0       0.1500019386    1.163167026e-05
 "BWGLM"                              0                  0                  0       0.1625021001                  0                  0                  0                  0       0.1625021001    1.260097612e-05
 "OW"                                 0                  0                  0       0.1750022617                  0                  0                  0                  0       0.1750022617    1.357028198e-05
 "BWGLP"                              0                  0                  0       0.1875024232                  0                  0                  0                  0       0.1875024232    1.453958783e-05
 "OW"                                 0                  0                  0       0.2000025848                  0                  0                  0                  0       0.2000025848    1.550889369e-05
 "BWGLM"                              0                  0                  0       0.2125027463                  0                  0                  0                  0       0.2125027463    1.647819954e-05
 "OW1"                                0                  0                  0       0.2156327868                  0                  0                  0                  0       0.2156327868    1.672091373e-05
 "BWGLHP"                             0                  0                  0       0.2218828675                  0                  0                  0                  0       0.2218828675    1.720556666e-05
 "OL"                                 0                  0                  0       0.3218841599                  0                  0                  0                  0       0.3218841599     2.49600135e-05
 "QCHF1"                   0.3328963142       0.7367235566                  0       0.7476093077                  0                  0        0.270418592       0.1303219211       0.3570050731    3.077584863e-05
 "OQC"                     0.7599074221        1.574290457                  0        1.158323631                  0                  0       0.5723315369       0.3760548916       0.4070068151    3.310218268e-05
 "QCHD"                     1.051597957        2.109394416                  0        1.427484545                  0                  0       0.9895712904       0.5100388004       0.4372474799    3.891801782e-05
 "OQC"                      1.272575606        2.386911467                  0        1.514615205                  0                  0        1.076030276       0.4387127763       0.4519579281    4.124435187e-05
 "B1A"                      1.272575606        2.386911467                  0        1.514615205                  0                  0        1.076030276       0.4387127763       0.4519579281    4.124435187e-05
 "B1CHP"                     2.00726092        3.309573566     0.004142092375        1.804298874                  0      -0.1088725653        1.363958366       0.2062495319       0.5123060916    4.897872443e-05
 "B1B"                       2.00726092        3.309573566     0.004142092375        1.804298874                  0      -0.1088725653        1.363958366       0.2062495319       0.5123060916    4.897872443e-05
 "S1"                       2.231709478        3.591449594     -0.01642651757          1.8927981                  0      -0.1217882154        1.448608274       0.1410543772       0.5248589943     0.000522535212
 "B2A"                      2.231709478        3.591449594     -0.01642651757          1.8927981                  0      -0.1217882154        1.448608274       0.1410543772       0.5248589943     0.000522535212
 "B2CHM"                    3.011725908         4.57104124      -0.2498971012        2.200355658                  0      -0.2487204931        1.733099538     -0.09410626338       0.5882606676     0.004653006484
 "B2B"                      3.011725908         4.57104124      -0.2498971012        2.200355658                  0      -0.2487204931        1.733099538     -0.09410626338       0.5882606676     0.004653006484
 "OQC"                      3.232703557         4.84855829      -0.2498971012        2.287486318                  0      -0.2487204931        1.815176168      -0.1527036098       0.5987193359     0.004655332818
 "QCHF"                     3.380880865        5.026128378       -0.250652694        2.340725086                  0      -0.2491660558        1.859693391      -0.1771570972       0.6022114594     0.004658165071
 "QCHF"                     3.534184865        5.192512721      -0.2529712948        2.385909366                  0      -0.2504173368        1.886009142      -0.1788147902       0.6024642878     0.004668790194
 "OQC"                       3.77062935        5.436283245      -0.2576867694        2.448740254                  0      -0.2528481267        1.913790071      -0.1694113933       0.6032600124     0.004694627015
 "B3A"                       3.77062935        5.436283245      -0.2576867694        2.448740254                  0      -0.2528481267        1.913790071      -0.1694113933       0.6032600124     0.004694627015
 "B3CHM"                    4.609831727        6.313427286      -0.7365021772          2.6785693                  0      -0.6763533749        2.032944763      -0.1981796523       0.6376145374      0.00996371173
 "B3B"                      4.609831727        6.313427286      -0.7365021772          2.6785693                  0      -0.6763533749        2.032944763      -0.1981796523       0.6376145374      0.00996371173
 "S1"                        4.84999006        6.561026729      -0.7200154545        2.742387077                  0      -0.6678545997        2.055924351      -0.1861379825        0.639192044      0.01024898892
 "B4A"                       4.84999006        6.561026729      -0.7200154545        2.742387077                  0      -0.6678545997        2.055924351      -0.1861379825        0.639192044      0.01024898892
 "B4CHP"                    5.621303007         7.34200375      0.03342410396        2.939211703                  0      0.01617346104        2.196571404      -0.2325759878       0.6724548009     0.006696976137
 "B4B"                      5.621303007         7.34200375      0.03342410396        2.939211703                  0      0.01617346104        2.196571404      -0.2325759878       0.6724548009     0.006696976137
 "OQC"                      5.857747492        7.585774274      0.02870862938        3.002042592                  0      0.01374267118        2.215011325      -0.2187139254       0.6750599743     0.006722812959
 "QCHD"                     6.292364344        7.809032497      0.02072693374        3.046653581                  0      0.01159534403        3.511929825       -1.186452753       0.8618560569     0.006765422951
 "OQC"                      6.956071604        8.130160667     0.008598463758        3.085497251                  0     0.008661224113         5.01670214       -2.447198735        1.125929302     0.006823157668
 "QCHF1"                    7.544807884        8.308676301    -0.001835540894        3.109275114                  0     0.007016811132        6.056873481       -3.280926598        1.298042229     0.006875298607
 "OL"                       7.581024215        8.229657205    -0.002202784103        3.152377337                  0     0.007417448436        6.523805091       -3.865718685        1.481142804     0.006883984039
 "BWGLHP"                   7.583287736        8.224718512    -0.002225736803        3.155071226                  0     0.007442488268        6.552988316       -3.902268191         1.49258659     0.006884526879
 "OW1"                      7.584421307        8.222245214    -0.002237231516        3.156420326                  0     0.007455028216        6.567603276       -3.920572183        1.498317638     0.006884798733
 "BWGLM"                    7.588948348        8.212367827    -0.002283136917        3.161808104                  0     0.007505107879        6.625969727       -3.993671194         1.52120521     0.006885884412
 "OW"                        7.59347539         8.20249044    -0.002329042318        3.167195882                  0     0.007555187542        6.684336178       -4.066770205        1.544092782     0.006886970091
 "BWGLP"                    7.598002431        8.192613053    -0.002374947719        3.172583659                  0     0.007605267205        6.742702629       -4.139869216        1.566980354      0.00688805577
 "OW"                       7.602529472        8.182735666     -0.00242085312        3.177971437                  0     0.007655346868         6.80106908       -4.212968227        1.589867926     0.006889141449
 "BWGLM"                    7.607056514        8.172858279    -0.002466758521        3.183359215                  0     0.007705426531        6.859435532       -4.286067238        1.612755498     0.006890227128
 "OW"                       7.611583555        8.162980892    -0.002512663922        3.188746993                  0     0.007755506194        6.917801983       -4.359166249         1.63564307     0.006891312807
 "BWGLP"                    7.616110597        8.153103505    -0.002558569323        3.194134771                  0     0.007805585857        6.976168434        -4.43226526        1.658530642     0.006892398487
 "OW"                       7.620637638        8.143226118    -0.002604474724        3.199522549                  0      0.00785566552        7.034534885        -4.50536427        1.681418214     0.006893484166
 "BWGLM"                    7.625164679        8.133348731    -0.002650380125        3.204910327                  0     0.007905745183        7.092901336       -4.578463281        1.704305786     0.006894569845
 "OW"                       7.629691721        8.123471344    -0.002696285527        3.210298105                  0     0.007955824846        7.151267787       -4.651562292        1.727193358     0.006895655524
 "BWGLP"                    7.634218762        8.113593957    -0.002742190928        3.215685883                  0     0.008005904509        7.209634239       -4.724661303         1.75008093     0.006896741203
 "OW"                       7.638745803         8.10371657    -0.002788096329        3.221073661                  0     0.008055984172         7.26800069       -4.797760314        1.772968502     0.006897826882
 "BWGLM"                    7.643272845        8.093839183     -0.00283400173        3.226461439                  0     0.008106063835        7.326367141       -4.870859325        1.795856073     0.006898912561
 "OW"                       7.647799886        8.083961796    -0.002879907131        3.231849217                  0     0.008156143498        7.384733592       -4.943958336        1.818743645      0.00689999824
 "BWGLP"                    7.652326928        8.074084409    -0.002925812532        3.237236995                  0     0.008206223161        7.443100043       -5.017057347        1.841631217     0.006901083919
 "OW"                       7.656853969        8.064207022    -0.002971717933        3.242624772                  0     0.008256302824        7.501466494       -5.090156358        1.864518789     0.006902169598
 "BWGLM"                     7.66138101        8.054329635    -0.003017623334         3.24801255                  0     0.008306382487        7.559832946       -5.163255369        1.887406361     0.006903255277
 "MID_KICKER"                7.66138101        8.054329635    -0.003017623334         3.24801255                  0     0.008306382487        7.559832946       -5.163255369        1.887406361     0.006903255277
 "OW"                       7.665908052        8.044452248    -0.003063528735        3.253400328                  0      0.00835646215        7.618199397        -5.23635438        1.910293933     0.006904340957
 "BWGLP"                    7.670435093        8.034574861    -0.003109434136        3.258788106                  0     0.008406541813        7.676565848       -5.309453391        1.933181505     0.006905426636
 "OW"                       7.674962134        8.024697474    -0.003155339538        3.264175884                  0     0.008456621476        7.734932299       -5.382552402        1.956069077     0.006906512315
 "BWGLM"                    7.679489176        8.014820087    -0.003201244939        3.269563662                  0     0.008506701139         7.79329875       -5.455651412        1.978956649     0.006907597994
 "OW"                       7.684016217          8.0049427     -0.00324715034         3.27495144                  0     0.008556780802        7.851665201       -5.528750423        2.001844221     0.006908683673
 "BWGLP"                    7.688543259        7.995065313    -0.003293055741        3.280339218                  0     0.008606860465        7.910031653       -5.601849434        2.024731793     0.006909769352
 "OW"                         7.6930703        7.985187926    -0.003338961142        3.285726996                  0     0.008656940128        7.968398104       -5.674948445        2.047619365     0.006910855031
 "BWGLM"                    7.697597341        7.975310539    -0.003384866543        3.291114774                  0     0.008707019791        8.026764555       -5.748047456        2.070506937      0.00691194071
 "OW"                       7.702124383        7.965433152    -0.003430771944        3.296502552                  0     0.008757099454        8.085131006       -5.821146467        2.093394509     0.006913026389
 "BWGLP"                    7.706651424        7.955555765    -0.003476677345         3.30189033                  0     0.008807179117        8.143497457       -5.894245478        2.116282081     0.006914112068
 "OW"                       7.711178465        7.945678378    -0.003522582746        3.307278108                  0      0.00885725878        8.201863908       -5.967344489        2.139169652     0.006915197747
 "BWGLM"                    7.715705507        7.935800991    -0.003568488147        3.312665885                  0     0.008907338443         8.26023036         -6.0404435        2.162057224     0.006916283427
 "OW"                       7.720232548        7.925923604    -0.003614393549        3.318053663                  0     0.008957418106        8.318596811       -6.113542511        2.184944796     0.006917369106
 "BWGLP"                     7.72475959        7.916046217     -0.00366029895        3.323441441                  0     0.009007497769        8.376963262       -6.186641522        2.207832368     0.006918454785
 "OW"                       7.729286631         7.90616883    -0.003706204351        3.328829219                  0     0.009057577432        8.435329713       -6.259740533         2.23071994     0.006919540464
 "BWGLM"                    7.733813672        7.896291443    -0.003752109752        3.334216997                  0     0.009107657095        8.493696164       -6.332839544        2.253607512     0.006920626143
 "OW"                       7.738340714        7.886414056    -0.003798015153        3.339604775                  0     0.009157736758        8.552062615       -6.405938554        2.276495084     0.006921711822
 "BWGLP"                    7.742867755        7.876536669    -0.003843920554        3.344992553                  0     0.009207816421        8.610429067       -6.479037565        2.299382656     0.006922797501
 "OW1"                      7.744001326        7.874063371    -0.003855415266        3.346341653                  0     0.009220356368        8.625044026       -6.497341558        2.305113704     0.006923069355
 "BWGLHM"                   7.746264847        7.869124677    -0.003878367967        3.349035542                  0       0.0092453962        8.654227252       -6.533891063         2.31655749     0.006923612195
 "OKICKER"                  7.746264847        7.869124677    -0.003878367967        3.349035542                  0       0.0092453962        8.654227252       -6.533891063         2.31655749     0.006923612195
 "LKICK"                    7.746264847        7.869124677    -0.003878367967        3.349035542                  0       0.0092453962        8.654227252       -6.533891063         2.31655749     0.006923612195
 "OEND"                     7.746264847        7.869124677    -0.003878367967        3.349035542                  0       0.0092453962        8.654227252       -6.533891063         2.31655749     0.006923612195
 "OQC"                      7.757129746        7.845418949     -0.00398854093        3.361966209                  0     0.009365587391        8.794306734       -6.709328689        2.371487663     0.006926217825
 "OOW"                       7.80583709        7.739146166    -0.004482446321        3.419934389                  0     0.009904404501        9.422283056       -7.495815568        2.617739627     0.006937898863
 "Q11C"                     7.828763907        7.537100875    -0.004251082562        4.035396081                  0     0.007845559506        9.720883751       -7.731581621        2.675967263     0.006948210407
 "OQ2"                      7.835028093        7.397091173    -0.003929109757        4.817729068                  0     0.004247381063        9.773915557       -7.709028099         2.67836517     0.006956224899
 "DIBPM"                     7.84066586        7.271082441    -0.003639334232        5.521828755                  0     0.001009020465        9.821644182       -7.688729929        2.680523286     0.006963437942
 "IBPM"                      7.84066586        7.271082441    -0.003639334232        5.521828755                  0     0.001009020465        9.821644182       -7.688729929        2.680523286     0.006963437942
 "OB"                       7.860084836        6.837052364    -0.002641218537        7.947061012                  0     -0.01014533271         9.98604278       -7.618814011        2.687956798     0.006988282869
 "B30"                      7.640623947        6.627628455       -37.16252995        10.92378916                  0        -17.2488789        10.27741798       -7.588173241        2.793542166       0.1928404315
 "OB"                        7.64932156        6.581422124       -37.12581746        10.98515729                  0       -17.34639699         10.4609285       -7.523548765        2.799231654       0.2315931588
 "DIBPM"                    7.651846674        6.568007383       -37.11515899        11.00297384                  0        -17.3747087        10.51420574       -7.504786821         2.80088344       0.2428439506
 "IBPM"                     7.651846674        6.568007383       -37.11515899        11.00297384                  0        -17.3747087        10.51420574       -7.504786821         2.80088344       0.2428439506
 "OQ3"                      7.657458037        6.538196847       -37.09147352        11.04256618                  0        -17.4376236        10.63259962        -7.46309361        2.804554077       0.2678457101
 "OQ"                       7.659211589        6.528881055       -37.08407181        11.05493879                  0        -17.4572845        10.66959771       -7.450064482        2.805701151       0.2756587599
 "Q10"                      7.660812264        6.503057095       -37.07868194        11.82795522                  0       -17.39521711        11.36139762       -7.520079499        2.809118227       0.2843678663
 "OQ0"                      7.665332823        6.249122753       -37.07774114        15.39403238                  0       -17.42164107        13.58283526       -7.935883524        2.828575557       0.2844282532
 "OQD"                      7.667248314        6.141523456       -37.07734249        16.90508202                  0       -17.43283766         14.5241224        -8.11207167        2.836820189       0.2844538409
 "Q9"                        7.66894968        6.141838965       -37.06942303        18.07220823                  0         -17.247935        14.95262729        -8.21360787        2.847109865        0.300943175
 "OQ"                       7.670897027        6.167422179       -37.05836857        18.15623289                  0       -17.17532121        15.20266433       -8.322782175        2.859027128       0.3166337371
 "O1A"                      7.694265197        6.474420748       -36.92571508         19.1645288                  0       -16.30395576        18.20310884       -9.632873843        3.002034287        0.504920482
 "O1A"                      7.717633368        6.781419318       -36.79306159        20.17282471                  0       -15.43259032        21.20355335       -10.94296551        3.145041445       0.6932072269
 "OQ"                       7.719580715        6.807002532       -36.78200713        20.25684937                  0       -15.35997653        21.45359039       -11.05213982        3.156958709        0.708897789
 "Q8"                       7.749749468        6.760995377       -36.64564986        20.36990605                  0       -15.44887616        22.40952072       -11.68586273        3.265325744       0.8635780292
 "OQ0"                      7.899785492         6.70207572       -35.95411064        20.37569054                  0       -15.58466106        24.10179404       -13.10803981        3.564123172        1.660442267
 "OQD"                      7.963360079        6.677109763       -35.66108554        20.37814159                  0       -15.64219704          24.818859       -13.71065722        3.690732252        1.998096605
 "Q7"                       8.046863991         6.48851152       -35.28849607        20.51764238                  0       -16.05774502        25.18771382       -13.97632019        3.745365199         2.41392824
 "OQ"                       8.068086868        6.388586607       -35.19790297        20.63526296                  0       -16.27101741        25.19469198       -13.99607596        3.759347773        2.510608282
 "OQ3"                      8.136000076        6.068826883       -34.90800507        21.01164881                  0       -16.95348903        25.21702209       -14.05929443        3.804092011        2.819984416
 "DIBPM"                     8.16656102        5.924935008       -34.77755101        21.18102244                  0       -17.26060126        25.22707064       -14.08774274        3.824226918        2.959203676
 "IBPM"                      8.16656102        5.924935008       -34.77755101        21.18102244                  0       -17.26060126        25.22707064       -14.08774274        3.824226918        2.959203676
 "OB"                       8.271826491        5.429307436       -34.32820925         21.7644205                  0       -18.31843228        25.26168232       -14.18573137        3.893580486        3.438736683
 "B60"                      8.821271476        2.058476507        18.40016107        33.28462963                  0        23.33434649        32.00551924       -19.67099971        5.332700822         11.2850192
 "OB"                       8.830210583        1.904623451         18.4939745        33.94662979                  0        22.52702419        32.02969841       -19.75010861        5.397407524         11.5311676
 "DIBPM"                    8.832805808        1.859956435        18.52121065        34.13882339                  0         22.2926403        32.03671817       -19.77307571         5.41619334        11.60263004
 "IBPM"                     8.832805808        1.859956435        18.52121065        34.13882339                  0         22.2926403        32.03671817       -19.77307571         5.41619334        11.60263004
 "OQ"                       8.834608048        1.828937674        18.54012465        34.27229116                  0        22.12987371        32.04159301       -19.78902509        5.429239046        11.65225673
 "Q6"                       8.890556421        1.373929438        18.78896546         35.2301342                  0        21.07439477        32.14457532       -19.68342816        5.475588781         11.9434808
 "OD22"                     9.029078798        0.428922944        19.28414554        36.84185443                  0        19.38532333        32.56263137       -19.36973993        5.534432749        12.38602346
 "OQD"                      9.104362699     -0.08466754183        19.55326514        37.71778934                  0        18.46734972        32.78983575       -19.19925719        5.566413166        12.62653577
 "Q5"                       9.220238383       -1.096751838        20.11507505        39.96591047                  0        15.96300353        33.07333913       -19.15849299        5.581728745        13.32444961
 "OQD"                       9.29326256       -1.877105405        20.56406954        42.05067099                  0        13.56397309        33.72416637        -19.0878739        5.583644405         14.0146233
 "OD22"                     9.427627046       -3.312955967        21.39021939        45.88663036                  0        9.149757072        34.92168848       -18.95793477        5.587169221        15.28454289
 "Q4"                       9.463008558       -3.643143163        21.57585483        46.79815827                  0        8.095483936         35.4294714       -19.04794165        5.602417581        15.59068125
 "OQ"                       9.465070407       -3.698046832        21.61042637        47.16365707                  0        7.635192113        35.47376983       -19.10356089        5.619875876        15.73560109
 "DIBPM"                    9.468039469       -3.777108114        21.66020938        47.68997534                  0        6.972371889        35.53755958       -19.18365261        5.645015821        15.94428565
 "IBPM"                     9.468039469       -3.777108114        21.66020938        47.68997534                  0        6.972371889        35.53755958       -19.18365261        5.645015821        15.94428565
 "OB"                       9.478266238        -4.04943031        21.83168419        49.50284938                  0        4.689324451        35.75727982       -19.45952408        5.731608964        16.66308804
 "B60"                      9.411497075       -3.675601263        9.491504271        48.59345775                  0        -21.7452455        35.72767844       -19.16709857        6.028449527        20.02484344
 "OB"                       9.486247147       -4.629174776        9.867762913        51.63460013                  0       -24.14517814        35.95238498       -19.46212321        6.125286428        20.49833516
 "OQ"                       9.501317726       -4.821427501         9.94362151        52.24773367                  0       -24.62903552        35.99768872       -19.52160399        6.144809996        20.59379719
 "Q3"                       9.520743807       -4.958195057        10.00145271        52.82215414                  0       -25.07271741        37.13545163       -21.96919553        7.467793945        20.68003662
 "OQ1"                      9.520747476       -4.957551896        10.00122295        52.85034119                  0       -25.09285604        37.20442272       -22.12595267        7.556863156         20.6836339
 "OQD"                      9.520839197       -4.941472886        9.995479009        53.55501737                  0       -25.59632198        38.92869988       -26.04488118         9.78359343        20.77356585
 "Q2"                         9.5505303       -5.028817148        10.04008802         53.9133716                  0       -25.87356332        39.68671974       -27.77808877        10.78409769        20.82839753
 "OQD"                      9.605707279       -5.392026688        10.19526189        54.51108994                  0       -26.38428924        40.27284849       -29.30415805         11.7774321        20.93750099
 "OQ1"                      9.607914358        -5.40655507        10.20146884        54.53499867                  0       -26.40471828        40.29629364       -29.36520082        11.81716548        20.94186513
 "Q1"                       9.645574413       -5.589194575        10.28390073        54.80413716                  0       -26.63892605        40.60744573       -30.22277896        12.41432017        20.99315503
 "OQ"                       9.646151831       -5.580731574        10.28111247        54.83514694                  0       -26.65935937        40.60751124       -30.22154901        12.42009349        20.99652349
 "DIBPM"                    9.646983313       -5.568544851        10.27709736        54.87980102                  0       -26.68878334        40.60760557       -30.21977788        12.42840709        21.00137408
 "IBPM"                     9.646983313       -5.568544851        10.27709736        54.87980102                  0       -26.68878334        40.60760557       -30.21977788        12.42840709        21.00137408
 "O1"                       9.655298131       -5.446677624        10.23694629        55.32634181                  0       -26.98302308        40.60854888       -30.20206654        12.51154301        21.04987992
 "O1"                       9.663612948       -5.324810397        10.19679522         55.7728826                  0       -27.27726282        40.60949219        -30.1843552        12.59467894        21.09838576
 "DIBPM"                     9.66444443       -5.312623674        10.19278011        55.81753668                  0       -27.30668679        40.60958652       -30.18258407        12.60299253        21.10323635
 "IBPM"                      9.66444443       -5.312623674        10.19278011        55.81753668                  0       -27.30668679        40.60958652       -30.18258407        12.60299253        21.10323635
 "OQ"                       9.665021848       -5.304160672        10.18999184        55.84854645                  0       -27.32712011        40.60965203       -30.18135411        12.60876586        21.10660481
 "Q20"                       9.75843378       -5.637623168        10.35144357         56.1878786                  0         -27.645324        41.45022858       -31.01930793        12.82282348        21.18177717
 "OQ"                        9.84361716       -5.882884926         10.4775095        56.36441928                  0       -27.82680981        42.23819595       -31.87373911        13.05444877        21.22842196
 "OQ1"                      9.850431831       -5.902505866        10.48759477        56.37854254                  0       -27.84132868        42.30123334       -31.94209361        13.07297879        21.23215354
 "OQ"                       9.935615211       -6.147767624         10.6136607        56.55508322                  0       -28.02281449         43.0892007       -32.79652479        13.30460407        21.27879833
 "Q19"                      10.10125083       -6.771024024        10.91144419        57.16481303                  0       -28.59992536        43.77609063       -33.53026668        13.50560319        21.41567953
 "OQ"                       10.12715563       -6.919407773        10.97633163        57.37730008                  0       -28.78576434        43.92939354       -33.74781945        13.58278568        21.45631516
 "OQ1"                      10.12922801       -6.931278473        10.98152263        57.39429904                  0       -28.80063145        43.94165777       -33.76522367        13.58896028        21.45956601
 "OQ"                       10.15513281       -7.079662221        11.04641007         57.6067861                  0       -28.98647043        44.09496068       -33.98277643        13.66614278        21.50020165
 "Q18"                       10.2489093       -7.510173525        11.24293851        58.11021547                  0       -29.44429662        44.22227769       -34.16643406        13.73963819        21.60438396
 "OQ"                       10.27691154       -7.608481955        11.29074204        58.19649919                  0       -29.52820939         44.2529042       -34.18128962        13.74143964        21.62478813
 "OB"                       10.41580262       -8.096091767        11.52784755        58.62446642                  0       -29.94441672        44.40481166       -34.25497324        13.75037481        21.72599279
 "B30"                      10.29916348       -6.674859683       -8.487423038        54.02432324                  0       -52.61839089        47.70820628       -37.01075763        14.25731597        21.97846433
 "OB"                       10.34151017       -6.701259984        -8.37810084        54.02843794                  0       -52.65246839        47.91138099        -37.1239979         14.2730947        22.04903288
 "OQ"                       10.35004781       -6.706582625       -8.356060074        54.02926751                  0       -52.65933886        47.95234363        -37.1468286         14.2762759        22.06326041
 "Q17"                      10.43146279         -6.8994262        -8.13692508        54.14938523                  0       -52.91961242        48.06199939       -37.27113534        14.31572916        22.21074697
 "OQ"                       10.47753785       -7.034921472       -8.011249175        54.24899969                  0       -53.10440319         48.1906772       -37.42032568        14.35897235        22.29644886
 "OQ1A"                     10.48490986       -7.056600716        -7.99114103          54.264938                  0       -53.13396971        48.21126565       -37.44419614        14.36589126        22.31016117
 "OQ"                       10.53098492       -7.192095989       -7.865465125        54.36455246                  0       -53.31876047        48.33994347       -37.59338647        14.40913444        22.39586306
 "Q16"                       10.5815248       -7.309619683       -7.729570809        54.44947858                  0       -53.47885528        48.46969094       -37.71610576        14.44498093        22.48728711
 "OQ"                       10.58163363       -7.312783742       -7.729094714        54.47247447                  0       -53.48577564         48.5729315       -37.77971216        14.45477789        22.48781019
 "OQ2A"                     10.58269589       -7.343664953       -7.724448033        54.69691429                  0       -53.55331835        49.58055934       -38.40051061        14.55039621         22.4929154
 "OQ"                       10.58280473       -7.346829011       -7.723971938        54.71991018                  0       -53.56023871         49.6837999       -38.46411701        14.56019317        22.49343848
 "Q15"                      10.66611907       -7.485274145       -7.503436295        54.79432573                  0        -53.7456032        50.27618934        -39.0024883         14.6847333        22.63945491
 "OQ"                       10.74579702        -7.65469897       -7.290193181        54.88439071                  0       -53.97232011        50.95546663       -39.60789973        14.81962777        22.78213365
 "OQ3A"                     10.75854549       -7.681806942       -7.256074283        54.89880111                  0       -54.00859481          51.064151       -39.70476556        14.84121088        22.80496225
 "OQ"                       10.83822344       -7.851231768        -7.04283117        54.98886609                  0       -54.23531173        51.74342829       -40.31017698        14.97610535        22.94764099
 "Q14"                      10.91451379       -7.990814755       -6.840080979        55.06640844                  0       -54.42251669        52.51828339       -41.04177674         15.1502279        23.08241138
 "OQ"                        10.9180471       -8.012043913       -6.829760363        55.09829617                  0       -54.45352131        52.51985269       -41.04655257        15.15386145         23.0899503
 "OQ4A"                     10.96610014       -8.300760466       -6.689399983        55.53196928                  0       -54.87518417        52.54119514        -41.1115038        15.20327778        23.19247956
 "RF"                       10.96610014       -8.300760466       -6.689399983        55.53196928                  0       -54.87518417        52.54119514        -41.1115038        15.20327778        23.19247956
 "OQ4A"                     11.01415311       -8.589476962       -6.549039558        55.96564202     -8.1972084e-12       -55.29684668        52.56253723       -41.17645475          15.252694        23.29500865
 "OQ"                       11.01768641       -8.610706116       -6.538718939        55.99752972   -8.799944311e-12       -55.32785128         52.5641065       -41.18123055        15.25632755        23.30254756
 "Q14"                       11.1283269       -8.889113489       -6.239891391        56.18211436   -1.082513697e-11       -55.70501496        53.00394989       -41.29513646        15.26622612        23.50436803
 "OQ"                       11.20386626       -9.041812434       -6.038223889         56.2592826   -1.142787289e-11       -55.90884518        53.43232097       -41.43792752        15.27812543        23.63896841
 "OQ3A"                     11.21595256       -9.066244266       -6.005957089        56.27162952   -1.152431063e-11       -55.94145802        53.50086034       -41.46077409        15.28002932        23.66050447
 "OQ"                       11.29149192       -9.218943211       -5.804289587        56.34879776   -1.212704654e-11       -56.14528824        53.92923142       -41.60356515        15.29192863        23.79510485
 "Q15"                      11.43093326       -9.584222821       -5.426766718        56.59811695   -1.415223921e-11       -56.64103905        54.29533872       -41.72471796        15.30554442        24.05067894
 "OQ"                       11.44855951       -9.658182623       -5.377294425         56.6757008   -1.475497512e-11       -56.74483195        54.40349228       -41.79738297        15.31774976        24.08539529
 "OQ2A"                     11.62059171       -10.38003029       -4.894444835         57.4329192   -2.063767762e-11       -57.75785063        55.45907105       -42.50659353        15.43687386        24.42422695
 "OQ"                       11.63821796        -10.4539901       -4.844972541        57.51050305   -2.124041353e-11       -57.86164352        55.56722461       -42.57925855        15.44907919        24.45894331
 "Q16"                      11.69386178       -10.59214119       -4.694802427        57.61133412   -2.326560619e-11       -58.04996354        55.65892407       -42.63182507        15.46627442        24.56033006
 "OQ"                       11.70829171       -10.59974429       -4.657637906        57.61233561   -2.386834211e-11       -58.05975447        55.70081452       -42.62099707        15.46697412        24.58426192
 "OQ1A"                      11.7106005       -10.60096079       -4.651691582        57.61249585   -2.396477985e-11       -58.06132102          55.707517       -42.61926459        15.46708608        24.58809102
 "OQ"                       11.72503042       -10.60856389        -4.61452706        57.61349733   -2.456751576e-11       -58.07111195        55.74940745       -42.60843658        15.46778578        24.61202288
 "Q17"                      11.79004644       -10.73513199       -4.441259857        57.68251238   -2.659270843e-11       -58.24069815        55.79959217       -42.62309085        15.47808614        24.72749934
 "OQ"                       11.81583031       -10.81015439         -4.3709814        57.73708485   -2.719544434e-11       -58.34294147        55.84670901       -42.65726867        15.48428415         24.7753908
 "OB"                       11.94371828       -11.18226549        -4.02240025        58.00776431   -3.018501446e-11       -58.85006835        56.08040852       -42.82679065        15.51502628        25.01293249
 "B30"                      12.36651569       -14.45891877         21.1803577        67.48352965   -0.0003875677662       -24.77606849        63.81512496       -49.39914734        17.60081736        24.06470519
 "OB"                       12.37662891       -14.42605934         21.1644105        67.51022076   -0.0004076868195       -24.80197579         64.0100464       -49.55214019        17.63083817        24.07100381
 "OQ"                       12.37866787       -14.41943446        21.16119533        67.51560203   -0.0004117430802       -24.80719903        64.04934508       -49.58298553        17.63689075        24.07227369
 "Q18"                      12.39563017       -14.53950983        21.22552933        67.77970082    -0.000441599284       -25.08855849        64.08378558       -49.59539771        17.66485777        24.14722933
 "OQ"                       12.41467856       -14.66018744        21.29041086        67.97083352   -0.0004503687457       -25.29408097        64.10300361       -49.56572507        17.67631136        24.20248065
 "OQ1"                      12.41620243       -14.66984164        21.29560138        67.98612413   -0.0004510703027       -25.31052277        64.10454106       -49.56335126        17.67722765        24.20690076
 "OQ"                       12.43525082       -14.79051925         21.3604829        68.17725684   -0.0004598397644       -25.51604525        64.12375909       -49.53367862        17.68868125        24.26215208
 "Q19"                      12.46280234       -14.85569649        21.39746514        68.35671865   -0.0004863675882       -25.70631365        64.42498563       -49.55633518        17.70062674        24.31265993
 "OQ"                       12.49254759       -14.87687844        21.41182053        68.36048961   -0.0004793947259       -25.71142495        64.74085887       -49.54032017        17.70082973        24.31439436
 "OQ1"                      12.49492721       -14.87857299        21.41296896        68.36079128   -0.0004788368969       -25.71183385        64.76612873       -49.53903897        17.70084597        24.31453312
 "OQ"                       12.52467246       -14.89975494        21.42732436        68.36456223   -0.0004718640346       -25.71694515        65.08200198       -49.52302396        17.70104895        24.31626755
 "Q20"                      12.57319691       -15.05178397        21.51181819        68.56401146   -0.0004710948148       -25.93287689        65.51557311       -49.61054204        17.71559101         24.3747815
 "OQ"                       12.62538268       -15.25187793        21.62171265        68.75581465   -0.0004498714228       -26.14355899        65.53493091       -49.64488321         17.7308215        24.43263872
 "DIBPM"                    12.70053018       -15.54001323        21.77996068        69.03201125   -0.0004193097382       -26.44694121        65.56280615       -49.69433449         17.7527534        24.51595312
 "IBPM"                     12.70053018       -15.54001323        21.77996068        69.03201125   -0.0004193097382       -26.44694121        65.56280615       -49.69433449         17.7527534        24.51595312
 "O1"                       13.45200518       -18.42136625        23.36244091        71.79397719   -0.0001136928929       -29.48076342        65.84155848       -50.18884731        17.97207243        25.34909714
 "O1"                       14.20348019       -21.30271927        24.94492115        74.55594312    0.0001919239524       -32.51458562        66.12031081       -50.68336012        18.19139145        26.18224117
 "DIBPM"                    14.27862769       -21.59085457        25.10316917        74.83213972    0.0002224856369       -32.81796785        66.14818605        -50.7328114        18.21332336        26.26555557
 "IBPM"                     14.27862769       -21.59085457        25.10316917        74.83213972    0.0002224856369       -32.81796785        66.14818605        -50.7328114        18.21332336        26.26555557
 "OQ"                       14.33081345       -21.79094853        25.21306363        75.02394291    0.0002437090289       -33.02864994        66.16754385       -50.76715257        18.22855384        26.32341279
 "Q1"                       14.38649768       -22.04642325        25.35214398        75.34924214    0.0002478207795       -33.38125433        66.36493847         -51.414985        18.76994421        26.41898873
 "OQ1"                      14.39018193       -22.06692173        25.36321527        75.37775454    0.0002474613731       -33.41205361         66.3743467       -51.45014654        18.80279664        26.42730632
 "OQD"                      14.48228826       -22.57938374        25.63999764        76.09056461    0.0002384762123       -34.18203557        66.60955255       -52.32918488        19.62410734          26.635246
 "Q2"                       14.79569239       -23.81325254        26.31671237        77.33287203    0.0003523226235       -35.54312994        66.73994461       -52.90517365        20.31694613         27.0080862
 "OQD"                      15.55832215       -26.87873406        27.99617537        80.41338931    0.0006368630318       -38.91853099         66.9605022       -54.05154697        21.80654745         27.9327192
 "OQ1"                      15.58882735       -27.00135332        28.06335389           80.53661    0.0006482446481       -39.05354703        66.96932451        -54.0974019        21.86613151        27.96970452
 "Q3"                       15.97903723       -28.63653679        28.95734547        82.26629772    0.0007753016657       -40.94397397        67.06255334       -54.61908361        22.67708096        28.48625038
 "OQ"                       16.27495246       -29.96376003        29.68063018        83.75449547    0.0008543408464       -42.56599298         67.0714271       -54.61139489        22.67874642        28.92822122
 "OB"                       17.74269197       -36.54678732        33.26812233         91.1359563     0.001246375182       -50.61120729        67.11544094       -54.57325884        22.68700712        31.12039661
 "B60"                      20.74051296       -49.88030693        54.36089749        106.2817795   -0.0002819588621       -68.44524642        69.99296009       -57.35643847        24.09755867        42.09731251
 "OB"                       22.08923925       -55.56146459         56.6744557         112.264378    0.0006887693335       -73.31787641        70.04580281       -57.32462163        24.10234786        43.08947378
 "DIBPM"                    22.48080494       -57.21083294        57.34613389        114.0012614    0.0009705936483       -74.73251092        70.06114424       -57.31538448        24.10373827         43.3775206
 "IBPM"                     22.48080494       -57.21083294        57.34613389        114.0012614    0.0009705936483       -74.73251092        70.06114424       -57.31538448        24.10373827         43.3775206
 "OQ"                       22.75272556       -58.35622763        57.81257708        115.2074304     0.001166304978         -75.714896        70.07179802       -57.30896979        24.10470383        43.57755311
 "Q4"                       23.15473777       -60.16797174        58.57426867        117.2611043     0.001426065325       -77.44639277        71.08330941       -58.32775036        24.36688179        43.94296645
 "OD22"                     24.68835142        -67.2582417        61.58886892         125.456116     0.002388679522       -84.41500871        74.25569118       -61.83905377        25.33849021        45.42441338
 "OQD"                       25.5218371       -71.11164928        63.22723863        129.9099266     0.002911839412       -88.20229998        75.97981171       -63.74737084        25.86653827        46.22954758
 "Q5"                       26.22097443       -74.48072696        64.68483592        133.9750752     0.003310780918       -91.72202407         76.7967418       -64.69013789        26.14334164        46.99162232
 "OQD"                      26.37144267       -75.29814398        65.05476933        135.0852273     0.003365262357       -92.72685348        77.85944698       -66.06014997        26.58488768        47.21900189
 "OD22"                     26.64830423       -76.80219129         65.7354468        137.1279071     0.003465508203        -94.5757396        79.81482451       -68.58097221        27.39733241         47.6373803
 "Q6"                       26.92423436       -78.14615764        66.31942008        138.7710546     0.003617302472       -96.00600159        80.45765923       -69.47075421        27.70831983        47.94882936
 "OQ"                       27.00503977       -78.49642769        66.46405937        139.1506365      0.00367348792       -96.31948805        80.46456814       -69.49045404        27.72236265        48.01355678
 "DIBPM"                    27.12139956       -79.00081657        66.67233996        139.6972345     0.003754394964       -96.77090855        80.47451696       -69.51882178        27.74258432        48.10676426
 "IBPM"                     27.12139956       -79.00081657        66.67233996        139.6972345     0.003754394964       -96.77090855        80.47451696       -69.51882178        27.74258432        48.10676426
 "OB"                        27.5221944       -80.73815602        67.38975086        141.5799608     0.004033074782        -98.3258014        80.50878514       -69.61653291        27.81223671        48.42781225
 "B60"                      28.22166575       -77.80835092       -15.59141278        119.5759707       0.0159612789       -172.1927056        70.37114256       -55.91378916        22.60324594        38.90547594
 "OB"                       28.23376941       -77.92745047       -15.60415851        119.8689538      0.01603980889       -172.1299968        70.39459105       -55.99119527         22.6671273        38.90884336
 "DIBPM"                    28.23728338       -77.96202777       -15.60785888        119.9540134      0.01606260791        -172.111791        70.40139867       -56.01366801         22.6856735          38.909821
 "IBPM"                     28.23728338       -77.96202777       -15.60785888        119.9540134      0.01606260791        -172.111791        70.40139867       -56.01366801         22.6856735          38.909821
 "OQ3"                      28.24509219       -78.03886619       -15.61608192        120.1430347      0.01611327242       -172.0713337        70.41652673       -56.06360743        22.72688728        38.91199353
 "OQ"                       28.24753245        -78.0628782       -15.61865163        120.2021038      0.01612910508       -172.0586908        70.42125424        -56.0792135        22.73976658        38.91267244
 "Q7"                         28.350278       -78.32930652       -15.19661453        120.4016322      0.01608368661       -172.5676959        70.76378807       -56.29634597         22.7814969        39.35966578
 "OQD"                      28.56906586       -78.98166688        -14.3584704        120.8879183      0.01597137813       -173.8172441        71.26557172       -56.50202815        22.80257428        40.16237232
 "OQ0"                      29.08540519       -80.52123733       -12.38045024        122.0355536      0.01570633013        -176.766178        72.44978111       -56.98743808         22.8523169        42.05675974
 "Q8"                       29.23355292       -81.04409546       -11.87068933        122.5163222      0.01566045743       -177.6380441        73.38552507        -57.5839415        22.95078852        42.50513352
 "OQ"                       29.38210989       -81.61105721       -11.38989888        123.0572689      0.01562023281       -178.5555028        73.72963833       -57.86657338         23.0088223        42.89414399
 "O1A"                      31.16479354       -88.41459812       -5.620413594        129.5486289       0.0151375374       -189.5650071        77.85899745       -61.25815597        23.70522769        47.56226964
 "O1A"                      32.94747719       -95.21813904       0.1490716964        136.0399889      0.01465484198       -200.5745114        81.98835657       -64.64973856        24.40163307        52.23039528
 "OQ"                       33.09603417       -95.78510078       0.6298621373        136.5809356      0.01461461736       -201.4919701        82.33246983       -64.93237044        24.45966685        52.61940575
 "Q9"                       34.31068247       -100.6869993        4.371358627        141.5281589      0.01439790331        -209.039333        83.11332472         -65.683569        24.64267984        55.50148696
 "OQD"                      35.65637268       -106.2255258        8.439746642        147.2269585       0.0142059362         -217.41157        84.90878047       -67.43467164        25.06964113        58.57645301
 "OQ0"                      38.83220156       -119.2964483        18.04114236        160.6761255      0.01375289381       -237.1700491        89.14605604       -71.56727389        26.07726978         65.8333729
 "Q10"                       39.5843001       -122.3554564        20.34089273        163.7880215      0.01362958633       -241.8449067        90.61071592       -73.06228673        26.45954572        67.59213386
 "OQ"                       39.58503249       -122.3606446         20.3415589        163.7972097       0.0136312736       -241.8472662        90.73471907       -73.20967739          26.503343        67.59228775
 "OQ3"                      39.58737613       -122.3772469        20.34369065        163.8266119      0.01363667287       -241.8548166        91.13152914        -73.6813275        26.64349432        67.59278021
 "DIBPM"                    39.58843077       -122.3847179        20.34464994        163.8398429      0.01363910254       -241.8582143        91.31009367       -73.89357005        26.70656241        67.59300182
 "IBPM"                     39.58843077       -122.3847179        20.34464994        163.8398429      0.01363910254       -241.8582143        91.31009367       -73.89357005        26.70656241        67.59300182
 "OB"                       39.59206342       -122.4104514        20.34795415        163.8854164      0.01364747141       -241.8699175        91.92514927       -74.62462773        26.92379694        67.59376513
 "B30"                      38.53105855       -126.8410539        99.94033929        201.7438011      0.01723542187       -34.09447502         118.313427       -109.5395783        38.02722295        40.06738645
 "OB"                       40.21385519       -133.9978469        105.3743505        209.3531109      0.01676656927       -45.64967161        118.9017349       -110.2512657        38.24245844        44.45421441
 "DIBPM"                    40.70240906       -136.0756255        106.9519666        211.5622654      0.01663045077        -49.0044061         119.072534       -110.4578847        38.30494616        45.72780962
 "IBPM"                     40.70240906       -136.0756255        106.9519666        211.5622654      0.01663045077        -49.0044061         119.072534       -110.4578847        38.30494616        45.72780962
 "OQ2"                      41.24524668       -138.3842684        108.7048735        214.0168815        0.016479208       -52.73188887        119.2623108       -110.6874613        38.37437697        47.14291541
 "Q11C"                     41.55627266       -139.7507346        109.7741732        215.5303155      0.01633575437       -55.11819511        119.5254655       -110.8578722        38.41522886        48.08974945
 "OOW"                       41.5998151        -139.836077        109.7663884        215.5721328      0.01637372683       -55.11056596        119.6781122       -110.7679475        38.42847252        48.09010778
 "OQC"                      41.60952788       -139.8551139        109.7646519        215.5814608      0.01638219715       -55.10886417        119.7121624       -110.7478884        38.43142672        48.09018771
 "BWGLHM"                   41.61155138         -139.85908        109.7642902        215.5834041       0.0163839618       -55.10850963        119.7192562       -110.7437094        38.43204218        48.09020437
 "OW1"                      41.61256475       -139.8610661         109.764109        215.5843773      0.01638484554       -55.10833208        119.7228087       -110.7416166         38.4323504         48.0902127
 "BWGLP"                    41.61661175       -139.8689982        109.7633854         215.588264      0.01638837484       -55.10762299        119.7369963       -110.7332587        38.43358131        48.09024601
 "OW"                       41.62065874       -139.8769302        109.7626619        215.5921507      0.01639190414       -55.10691391        119.7511838       -110.7249007        38.43481223        48.09027931
 "BWGLM"                    41.62470574       -139.8848623        109.7619383        215.5960373      0.01639543344       -55.10620483        119.7653714       -110.7165428        38.43604315        48.09031262
 "OW"                       41.62875273       -139.8927943        109.7612148         215.599924      0.01639896275       -55.10549575         119.779559       -110.7081849        38.43727406        48.09034592
 "BWGLP"                    41.63279973       -139.9007264        109.7604912        215.6038106      0.01640249205       -55.10478667        119.7937465       -110.6998269        38.43850498        48.09037923
 "OW"                       41.63684672       -139.9086584        109.7597677        215.6076973      0.01640602135       -55.10407759        119.8079341        -110.691469        38.43973589        48.09041253
 "BWGLM"                    41.64089372       -139.9165904        109.7590441        215.6115839      0.01640955065       -55.10336851        119.8221216       -110.6831111        38.44096681        48.09044584
 "OW"                       41.64494072       -139.9245225        109.7583206        215.6154706      0.01641307995       -55.10265943        119.8363092       -110.6747531        38.44219772        48.09047914
 "BWGLP"                    41.64898771       -139.9324545        109.7575971        215.6193572      0.01641660925       -55.10195035        119.8504967       -110.6663952        38.44342864        48.09051245
 "OW"                       41.65303471       -139.9403866        109.7568735        215.6232439      0.01642013856       -55.10124126        119.8646843       -110.6580373        38.44465955        48.09054575
 "BWGLM"                     41.6570817       -139.9483186          109.75615        215.6271305      0.01642366786       -55.10053218        119.8788719       -110.6496793        38.44589047        48.09057905
 "OW"                        41.6611287       -139.9562506        109.7554264        215.6310172      0.01642719716        -55.0998231        119.8930594       -110.6413214        38.44712138        48.09061236
 "BWGLP"                    41.66517569       -139.9641827        109.7547029        215.6349039      0.01643072646       -55.09911402         119.907247       -110.6329635         38.4483523        48.09064566
 "OW"                       41.66922269       -139.9721147        109.7539793        215.6387905      0.01643425576       -55.09840494        119.9214345       -110.6246055        38.44958321        48.09067897
 "BWGLM"                    41.67326969       -139.9800468        109.7532558        215.6426772      0.01643778506       -55.09769586        119.9356221       -110.6162476        38.45081413        48.09071227
 "OW"                       41.67731668       -139.9879788        109.7525322        215.6465638      0.01644131437       -55.09698678        119.9498097       -110.6078896        38.45204504        48.09074558
 "BWGLP"                    41.68136368       -139.9959109        109.7518087        215.6504505      0.01644484367        -55.0962777        119.9639972       -110.5995317        38.45327596        48.09077888
 "OW"                       41.68541067       -140.0038429        109.7510851        215.6543371      0.01644837297       -55.09556862        119.9781848       -110.5911738        38.45450688        48.09081219
 "OSC_IOTA$END"             41.68541067       -140.0038429        109.7510851        215.6543371      0.01644837297       -55.09556862        119.9781848       -110.5911738        38.45450688        48.09081219
